[main]
calib_id = 00001
offset = 198.836517 -166.305054 -1696.301636
x1 = 235.156204 -229.216827 -1639.568237
y1 = 278.608307 -23.383537 -1588.999390
scale = 1e3
